Epoch	Train_Loss	Test_Loss	Image_AUROC	Pixel_AUROC
1	6.559776	224657.892376	0.928837	0.671086
2	-0.402381	110605.661724	0.931996	0.656095
3	-0.408769	263565.580977	0.937012	0.658908
4	-0.401665	21278.744267	0.899480	0.640507
5	nan	2662.990724	0.941657	0.629336
6	-0.393183	1183.981493	0.931624	0.663598
7	-0.422070	78821.432998	0.898551	0.640727
8	0.931266	350866.623129	0.926979	0.639402
9	-0.422149	21738.812165	0.914716	0.651378
10	-0.423669	25272.541363	0.929580	0.600194
11	-0.374720	2675.008445	0.924749	0.670118
12	-0.434281	142702.475405	0.908398	0.670732
13	-0.434252	31583.876730	0.920290	0.650654
14	-0.442063	96994.076097	0.952434	0.648335
15	-0.440507	50.913191	0.947046	0.673096
16	-0.441392	3669.397973	0.933482	0.682682
17	-0.440568	537.554579	0.907655	0.641873
18	-0.397445	59988.515276	0.921962	0.706628
19	-0.450102	3444.031768	0.944630	0.654569
20	-0.451849	5494.351783	0.924563	0.652356
21	-0.444030	5236.054421	0.949275	0.643523
22	-0.446840	10170.047408	0.944816	0.646498
23	-0.449383	348188.509375	0.950948	0.640304
24	-0.457240	31.087914	0.932739	0.665151
25	-0.461928	15797.912828	0.956522	0.655753
26	-0.457272	9920.431908	0.962467	0.662755
27	-0.446477	29200.493519	0.935154	0.667447
28	-0.455455	7510.579650	0.937384	0.657134
29	-0.460750	14235.910220	0.935526	0.661194
30	-0.460259	1023.770872	0.932553	0.643157
31	-0.454386	29680.762207	0.902453	0.651260
32	nan	82620.751997	0.920104	0.659607
33	2.251298	257466.290628	0.931252	0.661356
34	-0.462483	3388.925389	0.934783	0.644649
35	-0.473776	393452.163189	0.936083	0.674754
36	-0.465325	209777.924967	0.935712	0.623961
37	-0.479001	23720.923807	0.930881	0.628042
38	135282935.774482	3405.597378	0.933296	0.647290
39	-0.482509	474679.377843	0.936083	0.681901
40	-0.470609	79712.583139	0.939428	0.668953
41	-0.480616	266245.490737	0.918432	0.654383
42	-0.478938	127671.621608	0.914530	0.640500
43	-0.479619	753712.402913	0.899666	0.667994
44	-0.481674	19367.730825	0.908770	0.640354
45	-0.480454	126706.127993	0.909513	0.626816
46	-0.486472	3342.595256	0.933854	0.652777
47	-0.491148	3890.191657	0.926979	0.628199
48	-0.487018	21607.085579	0.920847	0.662362
49	-0.491332	12958.034385	0.944259	0.659123
50	-0.474822	2122.915296	0.947046	0.670544
51	-0.480992	26499.376984	0.960424	0.622168
52	-0.501712	9351.761956	0.942772	0.648647
53	-0.499916	1222.946461	0.945931	0.662019
54	-0.500342	35568.734884	0.942586	0.651620
55	-0.487704	116.847867	0.934783	0.678822
56	-0.509511	582.486768	0.947232	0.662049
57	-0.518555	134042.263408	0.925492	0.648650
58	-0.505016	109.445901	0.933296	0.666425
59	-0.511567	10577.426563	0.946860	0.671922
60	-0.435203	235829.138768	0.923634	0.635597
61	-0.513810	6976.935962	0.904125	0.627668
62	-0.511735	88259.018852	0.944816	0.676644
63	-0.511080	88150.652679	0.912486	0.626808
64	-0.504072	37124.009427	0.928094	0.659939
65	-0.518010	29817.594618	0.891119	0.628328
66	-0.510996	150001.840119	0.932367	0.649138
67	-0.511948	12431.359102	0.931438	0.639192
68	-0.505898	10465.874153	0.937384	0.655952
69	-0.518828	1570.800730	0.949275	0.651975
70	-0.529228	24248.904430	0.929766	0.623276
71	-0.523496	2658.721684	0.930137	0.662015
72	-0.524019	102.531835	0.942401	0.664009
73	-0.529450	22.562689	0.924563	0.643636
74	-0.536976	315.629419	0.963954	0.636132
75	-0.537414	0.375939	0.926607	0.651297
76	-0.535218	126.472517	0.951877	0.633251
77	-0.534834	17.220975	0.930881	0.654681
78	-0.537866	605.463285	0.944444	0.639488
79	-0.526882	2033.758791	0.929766	0.639379
80	-0.533886	1153.964015	0.927350	0.663381
81	-0.530173	363638.570513	0.929394	0.649094
82	-0.531203	19926.567743	0.954106	0.684726
83	-0.535832	550605.996274	0.929766	0.632247
84	-0.277845	177692.512912	0.933110	0.643243
85	-0.533869	596.648770	0.954478	0.662239
86	-0.533358	192929.941717	0.958380	0.638727
87	-0.518396	127200.937065	0.924378	0.654968
88	-0.543708	319302.116806	0.935712	0.652068
89	-0.537817	171930.175881	0.924935	0.654121
90	-0.544284	22940.840565	0.894649	0.606413
91	-0.541627	353900.111435	0.934039	0.638992
92	-0.544294	2128.540712	0.928651	0.651290
93	-0.325090	18948.321442	0.941286	0.636979
94	-0.531646	3637.592488	0.926793	0.659622
95	-0.545977	199052.669270	0.922891	0.651088
96	-0.542594	413.797986	0.932181	0.647068
97	-0.553444	8583.562591	0.918432	0.652282
98	-0.552590	583241.828424	0.928279	0.649581
99	-0.543095	2696.764767	0.928465	0.635834
100	-0.527618	1628.950136	0.947975	0.643409
101	-0.540549	744637.869788	0.913601	0.665989
102	-0.553386	281856.378974	0.932553	0.627434
103	-0.496587	481.650736	0.915087	0.614590
104	-0.440004	45313.930263	0.906169	0.627109
105	-0.532982	7499.041756	0.872538	0.649896
106	-0.454439	132419.473437	0.913787	0.647279
107	-0.544750	453304.560083	0.896321	0.636362
108	-0.105750	47688.201380	0.919918	0.667328
109	-0.550892	800.488726	0.938499	0.639725
110	nan	9403.495812	0.930881	0.653044
111	-0.552715	2732.697847	0.900780	0.652928
112	-0.566117	166225.494743	0.915273	0.672910
113	-0.545376	5241.447571	0.882943	0.668456
114	-0.559409	4223.589457	0.921405	0.679258
115	-0.559644	4842.937488	0.911929	0.647405
116	-0.562142	216.445920	0.942029	0.637228
117	-0.573484	168540.806050	0.926607	0.654035
118	-0.569641	472.720884	0.914716	0.638949
119	-0.571022	769.918698	0.913973	0.668614
120	-0.114249	54.146096	0.923263	0.645773
121	-0.570064	0.047204	0.898365	0.651134
122	-0.567898	-0.050219	0.918989	0.596818
123	-0.557456	14.389019	0.931810	0.626472
124	-0.570214	0.684839	0.933110	0.636169
125	-0.572488	5473.638551	0.922148	0.643276
126	-0.572352	308.953841	0.897064	0.640368
127	-0.565008	0.699431	0.948346	0.631915
128	-0.568448	106523.037505	0.923077	0.654349
129	-0.562737	32251.252951	0.916388	0.656906
130	-0.554232	499005.574290	0.922520	0.639517
131	-0.461819	607970.975986	0.882386	0.639396
132	-0.516062	736135.817802	0.924006	0.661230
133	-0.565561	198794.114243	0.911557	0.652528
134	-0.413126	359842.747351	0.899294	0.644185
135	-0.571597	281761.760176	0.876254	0.645070
136	-0.571705	39861.363748	0.897436	0.615042
137	-0.554136	77435.577171	0.904125	0.621616
138	-0.568484	1789.997379	0.957451	0.652560
139	-0.575209	1482.516099	0.928465	0.659811
140	-0.584465	74445.755333	0.929208	0.647303
141	-0.565816	159432.510381	0.903010	0.647405
142	1.177906	94487.332917	0.933296	0.660763
143	-0.577096	168592.675912	0.924006	0.630385
144	-0.573241	11120.953779	0.942215	0.660363
145	-0.586572	402723.889577	0.930881	0.637124
146	nan	293931.287362	0.921033	0.663406
147	-0.585916	159828.107276	0.918803	0.628907
148	-0.514606	1181807.120462	0.913043	0.654599
149	-0.537813	794060.978720	0.955593	0.650904
150	-0.578953	363210.997900	0.911185	0.649140
151	-0.591753	79081.953622	0.927908	0.628179
152	-0.583660	703334.157320	0.869379	0.648000
153	-0.573415	495027.691150	0.921962	0.651551
154	-0.577944	852387.641591	0.863991	0.619249
155	-0.586143	717521.267733	0.862133	0.644989
156	-0.564858	3316167.622094	0.873096	0.619422
157	-0.587439	388025.385591	0.884615	0.643505
158	-0.585477	314199.159037	0.898179	0.608318
159	-0.083684	2973097.977084	0.891304	0.649062
160	-0.589424	331076.749820	0.891119	0.641579
161	-0.579650	2196921.858935	0.883501	0.642733
162	-0.584872	1433371.508533	0.928094	0.654136
163	-0.589677	5830367.604222	0.894835	0.618436
164	1403.644282	40676128.309159	0.922148	0.659958
165	0.489957	5161128.600631	0.925307	0.662328
166	-0.592055	5058683.579048	0.927536	0.662045
167	-0.594956	2640286.191953	0.918246	0.601462
168	-0.580089	502408.139905	0.926236	0.657573
169	-0.363981	92803.866040	0.880899	0.625978
170	-0.568570	22618.334098	0.915459	0.640030
