Epoch	Train_Loss	Test_Loss	Image_AUROC	Pixel_AUROC
1	-0.616890	39230465.084152	0.956140	0.699417
2	-0.620773	148530512.515569	0.941228	0.713861
3	-0.607844	147696964.472085	0.922588	0.715490
4	-0.619662	32349354.877511	0.916228	0.704200
5	-0.631369	3268545.152771	0.922149	0.701726
6	-0.634446	53012606.521515	0.904825	0.718550
7	-0.634884	33631172.567508	0.936623	0.713652
8	-0.631216	26396246.717088	0.957237	0.704523
9	-0.628494	8212027.850814	0.948904	0.704790
10	-0.631819	1554825.679318	0.928289	0.708886
11	-0.646175	3859432.341732	0.940570	0.710304
12	-0.643554	1249394.092199	0.905702	0.693134
13	-0.634718	2891290.135372	0.939693	0.709245
14	-0.635090	17761773.048334	0.952412	0.709700
15	-0.648709	8698737.790533	0.908991	0.700694
16	-0.650667	70166652.211630	0.933333	0.704987
17	-0.651232	5850484.080031	0.916447	0.701755
18	-0.646948	10856379.274010	0.947807	0.701542
19	-0.638768	268975.215291	0.923684	0.721973
20	-0.648702	6897934.781636	0.948465	0.704645
21	-0.656434	1139804.656615	0.925219	0.706605
22	1.618786	4095566.657887	0.926316	0.702895
23	-0.665945	14042104.736997	0.939693	0.710067
24	-0.422848	4929323.637559	0.910746	0.703295
25	-0.663057	1747723.005942	0.912939	0.704908
26	-0.665603	69526835.886542	0.912281	0.695118
27	150.999257	4024261.589968	0.933772	0.704657
28	28.753849	1838612.152401	0.948904	0.715304
29	-0.663970	852320.077922	0.958772	0.693958
30	-0.661789	11213108.078075	0.949781	0.697782
31	-0.673502	648730.863894	0.952412	0.699503
32	-0.668780	4003184.671099	0.922149	0.699870
33	6.871999	68014775.616361	0.921491	0.696637
34	-0.678071	9268868.824468	0.926096	0.698104
35	-0.685423	10125086.193868	0.930702	0.687607
36	-0.686250	48508920.526643	0.913377	0.698786
37	-0.685261	792116.572413	0.910746	0.709265
38	-0.698048	32809466.775812	0.916667	0.713495
39	-0.690102	1536768.973624	0.942105	0.704461
40	-0.694898	17842719.636051	0.914693	0.720640
41	-0.691826	76087966.980662	0.936404	0.709479
42	-0.709247	3185284.633444	0.897149	0.707393
43	-0.668825	5713336.821703	0.939035	0.706040
44	-0.695002	577048.308598	0.930702	0.696793
45	-0.695968	12581479.682031	0.928728	0.710243
46	-0.680891	6236453.227431	0.920614	0.711452
47	-0.698734	31744554.561512	0.944737	0.706657
48	-0.676388	66441182.332732	0.951316	0.698970
49	-0.694299	5145610.927936	0.923026	0.698843
50	-0.700338	1364756.129712	0.925658	0.701552
51	-0.699527	4343579.129960	0.931360	0.718706
52	-0.705667	243641.022298	0.933772	0.715496
53	-0.705142	7534731.981714	0.935746	0.713028
54	-0.711377	3681574.525849	0.930263	0.698886
55	-0.714936	4202032.371520	0.936842	0.696735
56	-0.706390	1456914.210996	0.907456	0.707197
57	-0.711636	140022.855631	0.930921	0.710726
58	-0.716969	2631339.429188	0.939035	0.706320
59	-0.708952	259394.381768	0.910526	0.690622
60	-0.715937	70567.300563	0.891228	0.708409
61	-0.726279	474799.324419	0.914912	0.704661
62	-0.719418	2640977.567921	0.914254	0.699614
63	-0.727494	478043.749842	0.929825	0.707580
64	-0.707746	372141.210203	0.916009	0.704180
65	-0.728825	7221946.735897	0.925439	0.692898
66	-0.719104	1507351.144673	0.914693	0.688464
67	-0.717879	381748.422330	0.903509	0.696066
68	-0.717612	15540332.910847	0.913596	0.704219
69	-0.728452	130969.825749	0.890789	0.708111
70	-0.735414	8045735.578032	0.925658	0.683441
71	-0.730421	8514770.508442	0.927193	0.687132
72	-0.731750	662283.578730	0.917325	0.706970
73	-0.721564	5270562.881321	0.927632	0.700809
74	-0.742197	648864.219092	0.937500	0.688873
75	-0.738836	2105760.865729	0.926316	0.695814
76	-0.744199	3450280.688023	0.924561	0.690258
77	-0.751682	328929.146262	0.931579	0.687939
78	-0.735659	14226816.670474	0.946711	0.700863
79	-0.747621	190772.073619	0.930702	0.693573
80	-0.700623	178691.401617	0.936842	0.698377
81	-0.743826	1545150.405847	0.935746	0.706881
82	-0.750817	8397338.364928	0.940132	0.701272
83	-0.745324	3285986.566712	0.928947	0.696834
84	-0.748168	39808.317239	0.925658	0.715967
85	0.481983	162616.588483	0.928509	0.691740
86	-0.753557	964237.835624	0.910088	0.697895
87	-0.600452	592565.720005	0.936623	0.699597
88	-0.738449	1424342.893694	0.924781	0.710013
89	-0.753202	3763110.519583	0.914254	0.695913
90	-0.654524	1464458.245998	0.901535	0.690240
91	-0.750902	7965825.928685	0.951754	0.695002
92	-0.660642	12971683.040221	0.909649	0.689650
93	-0.756288	3467363.783884	0.924781	0.698420
94	-0.755223	1173846.893576	0.930921	0.702878
95	-0.756492	276270.178532	0.911404	0.687349
96	-0.754143	208951.444752	0.906579	0.698256
97	-0.765345	5931942.202151	0.941447	0.703990
98	-0.760978	1202264.001987	0.923246	0.700199
99	-0.769787	578940.544121	0.936404	0.682266
100	-0.759378	977680.276374	0.920395	0.697951
101	-0.768115	1430747.903330	0.929605	0.708052
102	-0.770322	9245455.529723	0.918640	0.704684
103	-0.755363	1907427.974855	0.914912	0.708792
104	-0.698226	2842969.240477	0.936623	0.699321
105	-0.755496	17831990.034241	0.941228	0.681881
106	-0.778537	13788238.671759	0.925439	0.691261
107	3.653505	2393083.236252	0.930702	0.699452
108	1.142912	4807292.281998	0.926535	0.706505
109	-0.772048	2956638.971476	0.938596	0.709955
110	-0.776471	1880256.604534	0.946930	0.695590
111	-0.760501	318614.089413	0.935088	0.696665
112	-0.777585	2798589.545146	0.923246	0.698857
113	3.924162	55479.442795	0.930921	0.692242
114	-0.760977	9233422.543203	0.902851	0.694978
115	-0.735761	38250018.028863	0.916447	0.704072
116	-0.777622	4434648.414099	0.932018	0.720776
117	-0.777670	25059310.514541	0.904825	0.704644
118	-0.782253	95967994.227679	0.900219	0.705665
119	-0.780661	1725409.351737	0.919956	0.685051
120	-0.780932	25483.622918	0.927632	0.694950
121	-0.736054	3947941.832905	0.926316	0.695152
122	-0.783119	113198.621619	0.925219	0.699256
123	-0.780890	333787.479354	0.932895	0.697236
124	-0.784029	473136.612243	0.940570	0.699007
125	-0.778110	606785.338854	0.921930	0.706403
126	-0.793772	2286205.212719	0.942982	0.701333
127	-0.778693	271649.804975	0.919518	0.697185
128	-0.781591	1647263.858591	0.914474	0.696102
129	-0.766541	1142419.495663	0.929167	0.696183
130	-0.782015	17033278.023313	0.921272	0.693660
131	-0.792513	4507977.577456	0.933991	0.694869
132	-0.790686	4075179.295310	0.945614	0.672868
133	-0.779646	2001007.638044	0.931360	0.716538
134	-0.786701	325144.373703	0.946272	0.700328
135	97.581524	9348171.161730	0.928947	0.702525
136	-0.787676	877505.255356	0.927851	0.702037
137	-0.792053	662482.370325	0.935746	0.687768
138	-0.763829	5395429.538944	0.935746	0.686837
139	-0.793987	266953.362980	0.926096	0.699855
140	-0.792424	836950.246567	0.938377	0.711845
141	-0.789589	16467444.268733	0.942763	0.698460
142	-0.785526	149237.577709	0.926754	0.698780
143	-0.758960	58686.974314	0.941228	0.702208
144	-0.802449	58573.800879	0.921711	0.703802
145	-0.805860	29311.065878	0.940351	0.694772
146	-0.803815	182368.014666	0.928728	0.709179
147	-0.781973	164252.611466	0.943202	0.684465
148	-0.789094	2118884.885574	0.902851	0.709245
149	-0.808559	230160.563421	0.925877	0.710531
150	-0.794237	8512683.051894	0.928509	0.699554
151	-0.794582	485009.030026	0.938377	0.690468
152	-0.806833	1270676.404345	0.950877	0.688341
153	-0.799960	164398.803878	0.918860	0.697915
154	-0.801986	52997.812413	0.943421	0.692840
155	-0.811497	410747.927280	0.919737	0.705560
156	-0.808206	2388089.402288	0.925219	0.700209
157	-0.803869	4352291.952781	0.938158	0.704664
158	-0.819371	89193.829876	0.914474	0.693431
159	-0.812939	1701458.555056	0.921491	0.692976
160	-0.809089	2862226.250481	0.935746	0.711768
161	-0.814519	765861.923197	0.917105	0.712070
162	-0.817869	455541.639396	0.932895	0.693166
163	-0.812084	617094.385883	0.926754	0.694545
164	-0.810528	132381.894006	0.929825	0.703786
165	-0.811953	876703.085902	0.930044	0.717347
166	-0.820352	358808.636647	0.942544	0.704800
167	-0.819466	866882.428182	0.912939	0.692443
168	-0.810621	5623354.413382	0.933333	0.696775
169	6.432005	207092.443191	0.935307	0.697125
170	-0.816025	2513334.902551	0.896711	0.706323
