Epoch	Train_Loss	Test_Loss	Image_AUROC	Pixel_AUROC	AUPRO	Pixel_AP	Pixel_F1max
50	-9.824975	-9.965959	0.447046	0.500000
51	-9.858739	-9.894510	0.413601	0.500000
52	-9.896922	-9.770351	0.362690	0.500000
53	-9.933593	-9.916388	0.419732	0.500000
54	-9.947291	-10.010950	0.437198	0.500000
55	-9.973424	-10.093827	0.393534	0.500000
56	-10.005818	-9.996691	0.431624	0.500000
57	-10.038223	-9.925667	0.428279	0.500000
58	-10.051929	-9.991601	0.420661	0.500000
59	-10.086104	-10.187950	0.437941	0.500000
60	-10.105476	-10.124085	0.429952	0.500000
61	-10.124113	-10.293767	0.440728	0.500000
62	-10.166234	-10.077318	0.399294	0.500000
63	-10.178273	-10.143603	0.451877	0.500000
64	-10.206029	-10.232837	0.502230	0.500000
65	-10.226885	-10.232329	0.455593	0.500000
66	-10.250221	-10.198032	0.472129	0.500000
67	-10.285178	-10.323046	0.461631	0.500000
68	-10.305266	-10.285895	0.463582	0.500000
69	-10.327104	-10.462291	0.451877	0.500000
70	-10.342821	-10.484874	0.489409	0.500000
71	-10.379869	-10.251724	0.455035	0.500000
72	-10.386745	-10.251006	0.477239	0.500000
73	-10.400678	-10.328300	0.528986	0.500000
74	-10.431726	-10.528563	0.579710	0.500000
75	-10.441840	-10.385760	0.657562	0.500000
76	-10.468072	-10.336935	0.616035	0.500000
77	-10.488763	-10.556511	0.675957	0.500000
78	-10.506765	-10.695849	0.617428	0.500000
79	-10.520010	-10.442547	0.698625	0.500000
80	-10.540063	-10.538887	0.666481	0.495428
81	-10.557315	-10.617389	0.606838	0.495928
82	-10.582351	-10.634263	0.612412	0.495522
83	-10.595767	-10.715023	0.599870	0.495870
84	-10.610896	-10.660388	0.657005	0.495257
85	-10.624669	-10.461097	0.626068	0.494291
86	-10.647126	-10.727806	0.655147	0.495739
87	-10.658716	-10.564163	0.665645	0.496218
88	-10.672247	-10.683732	0.642605	0.497042
89	-10.689989	-10.606429	0.654404	0.496764
90	-10.708705	-10.542891	0.682460	0.496737
91	-10.704915	-10.693939	0.589279	0.496941
92	-10.723045	-10.667334	0.655240	0.497140
93	-10.740757	-10.837898	0.606931	0.496602
94	-10.752663	-10.734765	0.584727	0.496919
95	-10.767881	-10.767027	0.659142	0.495915
96	-10.772366	-10.876692	0.622074	0.496218
97	-10.793769	-10.849582	0.582683	0.496740
98	-10.797295	-10.656784	0.606001	0.497345
99	-10.810154	-10.794141	0.646042	0.706492
100	-10.823870	-10.709533	0.688127	0.706531
101	-10.828619	-10.831685	0.631085	0.706738
102	-10.846600	-10.863933	0.596433	0.706808
103	-10.853933	-10.862158	0.559086	0.706953
104	-10.850141	-10.711862	0.628112	0.706934
105	-10.870804	-10.849309	0.584448	0.706855
106	-10.882366	-10.743666	0.553976	0.706931
107	-10.891911	-10.898752	0.715162	0.706871
108	-10.900331	-10.965392	0.658584	0.706998
109	-10.909527	-10.845307	0.658491	0.707085
110	-10.912839	-10.771477	0.643720	0.707057
111	-10.929846	-10.898816	0.681159	0.707225
112	-10.938793	-11.021396	0.620308	0.707179
113	-10.955210	-10.873868	0.663787	0.707327
114	-10.952585	-10.916238	0.579060	0.707401
115	-10.960138	-10.986814	0.619101	0.707113
116	-10.968256	-10.853757	0.687848	0.707169
117	-10.984413	-11.076475	0.588443	0.707417
118	-10.996534	-10.842741	0.618357	0.707109
119	-11.005864	-10.985648	0.523969	0.707093
120	-11.008396	-11.167838	0.615942	0.707438
121	-11.013829	-11.157647	0.544593	0.707525
122	-11.023978	-11.061612	0.684597	0.707587
123	-11.032143	-11.029381	0.659606	0.707765
124	-11.052135	-11.125780	0.498978	0.707982
125	-11.055493	-11.059929	0.411093	0.708051
126	-11.055081	-10.969659	0.525269	0.708171
127	-11.059733	-10.950270	0.664251	0.708374
128	-11.062871	-11.072481	0.733556	0.708382
129	-11.081784	-11.003057	0.621237	0.708597
130	-11.093725	-11.125957	0.673820	0.708742
131	-11.096106	-11.193884	0.510126	0.708831
132	-11.097838	-10.975975	0.696117	0.708917
133	-11.110099	-11.137181	0.630992	0.709112
134	-11.110597	-11.213242	0.620308	0.709095
135	-11.128883	-11.119951	0.601171	0.709082
136	-11.114863	-11.042002	0.583519	0.709121
137	-11.131660	-11.265916	0.625046	0.709147
138	-11.148906	-11.083347	0.665180	0.709249
139	-11.151478	-11.192425	0.589279	0.709279
140	-11.156387	-11.236022	0.476031	0.709041
141	-11.168274	-11.096807	0.503809	0.708974
142	-11.166755	-11.072910	0.541434	0.708833
143	-11.176620	-11.308300	0.628298	0.708907
144	-11.192529	-11.149877	0.659978	0.709099
145	-11.184073	-11.184872	0.550632	0.708911
146	-11.196959	-11.248779	0.496005	0.708707
147	-11.210926	-11.182482	0.613341	0.708717
148	-11.217343	-11.171681	0.630156	0.708582
149	-11.222376	-11.225372	0.558436	0.708409
150	-11.231320	-10.927447	0.608510	0.708761
151	-11.210052	-11.289523	0.561966	0.708603
152	-11.234739	-11.112828	0.601821	0.708700
153	-11.247973	-11.305092	0.670940	0.708910
154	-11.248240	-11.353294	0.534188	0.708989
155	-11.254333	-11.205759	0.607952	0.708827
156	-11.264129	-11.220714	0.433854	0.708709
157	-11.270351	-11.225377	0.526477	0.708567
158	-11.280194	-11.284061	0.691100	0.708466
159	-11.286890	-11.242786	0.626997	0.708449
160	-11.300024	-11.380413	0.596061	0.708395
161	-11.297951	-11.246279	0.572185	0.708141
162	-11.313362	-11.379983	0.600056	0.708183
163	-11.312463	-11.225197	0.572928	0.708374
164	-11.313467	-11.253604	0.600427	0.708210
165	-11.312100	-11.419126	0.638889	0.707909
166	-11.325535	-11.367494	0.547845	0.707803
167	-11.336514	-11.242155	0.528800	0.707809
168	-11.330738	-11.254029	0.477146	0.707856
169	-11.341733	-11.380547	0.601821	0.707951
170	-11.345991	-11.291146	0.438592	0.708087
171	-11.359353	-11.282758	0.549145	0.707832
172	-11.360056	-11.287402	0.477982	0.707908
173	-11.363885	-11.416061	0.578502	0.707623
174	-11.371117	-11.352796	0.531865	0.707879
175	-11.379899	-11.489532	0.494054	0.707846
176	-11.380216	-11.356325	0.509012	0.707818
177	-11.394237	-11.401069	0.619658	0.707878
178	-11.389343	-11.503037	0.547659	0.707808
179	-11.402161	-11.303626	0.599498	0.707762
180	-11.410193	-11.456885	0.611669	0.707564
181	-11.413870	-11.327048	0.598848	0.707732
182	-11.412784	-11.372895	0.555091	0.707690
183	-11.419480	-11.287166	0.502230	0.707716
184	-11.423282	-11.373870	0.556856	0.707659
185	-11.428752	-11.487144	0.534374	0.707846
186	-11.433966	-11.369082	0.538833	0.707745
187	-11.434696	-11.480651	0.596061	0.707674
188	-11.440474	-11.394240	0.638424	0.707606
189	-11.449499	-11.352546	0.609253	0.707612
190	-11.448014	-11.350123	0.617336	0.707673
191	-11.451990	-11.465305	0.539205	0.707675
192	-11.457291	-11.550088	0.629227	0.707843
193	-11.449844	-11.528605	0.653382	0.707846
194	-11.469897	-11.507154	0.645020	0.707772
195	-11.481988	-11.632375	0.623653	0.707657
196	-11.482318	-11.551809	0.524898	0.707570
197	-11.475856	-11.502655	0.634522	0.707589
198	-11.487522	-11.528863	0.539391	0.707479
199	-11.489192	-11.367588	0.592716	0.707432
200	-11.496518	-11.255982	0.518302	0.706896
201	-11.500827	-11.591374	0.613155	0.706757
202	-11.491707	-11.408556	0.705407	0.706992
203	-11.500691	-11.526272	0.678837	0.707264
204	-11.507131	-11.493691	0.620030	0.707194
205	-11.509410	-11.487108	0.648272	0.706853
206	-11.531571	-11.626984	0.614827	0.706666
207	-11.516929	-11.528276	0.620216	0.706483
208	-11.496465	-11.452901	0.574693	0.706403
209	-11.533226	-11.581759	0.550910	0.706189
210	-11.527888	-11.645597	0.621795	0.706238
211	-11.544921	-11.610077	0.565124	0.706315
212	-11.538834	-11.365723	0.640840	0.706242
213	-11.544648	-11.565704	0.617336	0.706174
214	-11.551857	-11.709186	0.543292	0.706316
215	-11.551629	-11.539430	0.583333	0.706352
216	-11.549503	-11.420200	0.494705	0.706180
217	-11.561878	-11.386315	0.562988	0.706113
218	-11.566962	-11.413679	0.672612	0.706288
219	-11.521897	-11.457652	0.632293	0.706511
