Epoch	Train_Loss	Test_Loss	Image_AUROC	Pixel_AUROC
1	-3.433194	-3.253975	0.861645	0.647539
2	-3.442326	-3.057102	0.895833	0.630694
3	-3.450797	-1.499938	0.868323	0.649822
4	-3.446541	4.138002	0.897703	0.656157
5	-3.458390	37.012904	0.844017	0.685868
6	-3.462205	-1.442546	0.937500	0.632497
7	-3.474921	-3.024690	0.940972	0.639198
8	-3.466431	-0.532220	0.923077	0.657856
9	-3.481070	119.015958	0.926816	0.630436
10	-3.480622	-2.337064	0.902511	0.648780
11	-3.488324	-2.877220	0.929487	0.698759
12	-3.492349	11.783721	0.852564	0.661277
13	-3.484752	-3.262078	0.927350	0.587971
14	-3.499091	-2.229551	0.922810	0.674333
15	-3.504424	-3.122787	0.889156	0.645450
16	-3.503066	2.470126	0.898504	0.645536
17	-3.502044	-3.121934	0.959936	0.685601
18	-3.513151	7.701879	0.898504	0.678504
19	-3.516193	-2.906556	0.880075	0.635876
20	-3.523838	-3.073998	0.920139	0.629158
21	-3.522732	-2.547142	0.924679	0.652826
22	-3.527357	-3.086256	0.888088	0.691617
23	-3.522707	-3.174385	0.860043	0.633762
24	-3.524422	-3.122177	0.918002	0.673293
25	-3.530802	-3.181404	0.924679	0.663795
26	-3.537296	-2.976198	0.871528	0.673792
27	-3.538757	-3.118284	0.880075	0.605360
28	-3.537009	-3.225036	0.926549	0.645269
29	-3.538294	-2.614319	0.924145	0.667219
30	-3.539177	-3.283387	0.894765	0.665427
31	-3.516127	-3.205292	0.837073	0.650004
32	-3.552043	-0.777525	0.903579	0.635374
33	-3.558406	-0.861536	0.919872	0.641864
34	-3.551956	-3.254159	0.914263	0.643871
35	-3.564671	-2.525788	0.899306	0.683004
36	-3.568235	-1.559394	0.870192	0.658162
37	-3.565315	-0.866176	0.932959	0.656869
38	-3.558222	-2.577556	0.951122	0.646130
39	-3.569334	-3.040215	0.929220	0.640106
40	-3.570645	-2.256750	0.897436	0.656848
41	-3.566426	-3.320607	0.950053	0.637170
42	-3.572673	-3.200545	0.934829	0.644772
43	-3.575300	-2.934810	0.939637	0.641220
44	-3.585120	4.107766	0.917201	0.676522
45	-3.578425	-1.826281	0.944979	0.656499
46	-3.585086	-0.204249	0.957799	0.660757
47	-3.586642	-2.641905	0.942575	0.643371
48	-3.587469	-3.295412	0.924145	0.687108
49	-3.586643	-3.181005	0.954327	0.664047
50	-3.587997	-3.301086	0.921474	0.660047
51	-3.524315	-3.300175	0.916667	0.690791
52	-3.591666	-3.314138	0.929220	0.644139
53	-3.577283	-3.022156	0.926282	0.682787
54	-3.594741	-3.294377	0.937767	0.676118
55	-3.598390	-3.306449	0.899573	0.669540
56	-3.593237	-3.317228	0.951122	0.653226
57	-3.605249	-3.303481	0.928686	0.691127
58	-3.607057	-3.316534	0.956464	0.654206
59	-3.606012	-3.305914	0.938034	0.631544
60	-3.608858	-3.261543	0.919071	0.648312
61	-3.604068	-3.293007	0.928152	0.670631
62	-3.614765	-3.306880	0.965545	0.615000
63	-3.613439	-3.182915	0.958066	0.696971
64	-3.617285	-3.325549	0.953526	0.666755
65	-3.616261	-3.318521	0.927618	0.691210
66	-3.614025	-3.311038	0.915064	0.653523
67	-3.620044	-3.306856	0.946314	0.672563
68	-3.618543	-3.297244	0.924412	0.653546
69	-3.626567	-3.313418	0.927350	0.654044
70	-2.980017	-3.311225	0.950855	0.655914
71	-3.625203	-3.321303	0.922810	0.668917
72	-3.633688	-3.300101	0.935096	0.620319
73	-3.629606	-3.311001	0.945513	0.648842
74	-3.634412	-3.325881	0.944979	0.639698
75	-3.630506	-3.302036	0.924412	0.606001
76	-3.630838	-3.316931	0.959669	0.713983
77	-3.617273	-3.288314	0.924145	0.673817
78	-3.591196	-3.278789	0.928953	0.681426
79	-3.637442	-2.814255	0.935630	0.675682
80	-3.634566	-3.282916	0.935096	0.676765
81	-3.628349	-3.303508	0.955128	0.629852
82	-3.633748	-3.317407	0.930288	0.620066
83	-3.634570	-3.269898	0.947650	0.648582
84	-3.638449	-3.318491	0.947115	0.660281
85	-3.633436	-3.317612	0.973024	0.636230
86	-3.629918	-3.171782	0.915064	0.655542
87	-3.637500	-3.300902	0.963942	0.639727
88	-3.642787	-3.174833	0.945513	0.686811
89	-3.641003	-3.249146	0.958333	0.656336
90	-3.647589	-3.265905	0.967682	0.626554
91	-3.643986	-2.926120	0.931090	0.644867
92	-3.643453	-3.300430	0.932692	0.653523
93	-3.642080	-3.310190	0.918803	0.683786
94	-3.644696	-3.326563	0.926816	0.659562
95	-3.649421	-1.985754	0.922276	0.654126
96	-3.648052	-3.262300	0.943376	0.658078
97	-3.648349	-3.325443	0.930556	0.658478
98	-3.653429	-3.283879	0.922009	0.680016
99	-3.648759	-3.037938	0.927885	0.628554
100	-3.656890	-2.621959	0.943376	0.680062
101	-3.652484	-3.293422	0.958066	0.658866
102	-3.655981	-3.304535	0.936432	0.611687
103	-3.656854	-3.299634	0.914530	0.630529
104	-3.658654	-3.128100	0.939904	0.620239
105	-3.655072	-3.034858	0.949252	0.606904
106	-3.659079	-3.308135	0.943376	0.649867
107	-3.648989	-3.301915	0.937500	0.655346
108	-3.660713	-3.228271	0.929754	0.651876
109	-3.661701	-3.318834	0.936966	0.670884
110	-3.660166	1.863727	0.922543	0.674709
111	-3.662772	-3.291880	0.935630	0.635919
112	-3.661195	-3.245553	0.940438	0.598231
113	-3.662711	-3.249481	0.932425	0.663991
114	-3.668301	-3.249359	0.924947	0.664062
115	-3.659144	-3.238667	0.939637	0.640890
116	-3.663597	-3.286254	0.960470	0.650160
117	-3.670509	-3.306989	0.942842	0.672267
118	-3.667375	-3.305049	0.928953	0.652877
119	-3.664426	-3.315733	0.930823	0.648460
120	-3.673665	-3.300608	0.944979	0.683696
121	-3.672451	-3.305091	0.935363	0.685969
122	-3.671086	-3.292228	0.943643	0.671708
123	-3.666949	-3.298236	0.945780	0.680237
124	-3.670655	-3.307799	0.939103	0.657058
125	-3.675457	-3.316490	0.946047	0.669279
126	-3.677501	-3.189799	0.928419	0.666007
127	-3.670782	-3.291979	0.945246	0.656942
128	-3.672120	-3.035778	0.949519	0.656834
129	-3.679815	-3.285340	0.928419	0.677737
130	-3.679175	-3.295452	0.956731	0.656624
131	-3.671960	-3.267986	0.936165	0.674902
132	-3.677819	-3.294159	0.941239	0.649600
133	-3.676919	-3.114931	0.950855	0.658029
134	-3.675530	-3.303300	0.955929	0.658168
135	-3.680034	-3.287978	0.954594	0.645482
136	-3.678391	-3.136176	0.935363	0.604371
137	-3.676726	-3.133954	0.927350	0.665435
138	-3.677263	-3.285257	0.967949	0.678550
139	-3.681102	-3.301479	0.946314	0.688484
140	-3.681278	-3.306938	0.940972	0.653025
141	-3.683993	-3.309764	0.941774	0.649764
142	-3.685439	-3.291392	0.937500	0.650529
143	-3.683438	-3.308941	0.947382	0.659141
144	-3.680280	-3.288484	0.929487	0.627457
145	-3.684328	-3.289275	0.931624	0.662350
146	-3.683687	-3.287856	0.950855	0.677542
147	-3.689366	-3.294190	0.950053	0.624816
148	-3.686394	-3.282391	0.925481	0.635870
149	-3.688278	-3.293411	0.923344	0.659161
150	-3.689972	-3.294151	0.940972	0.648405
151	-3.687622	-3.292413	0.945780	0.639574
152	-3.680022	-3.262223	0.915598	0.672815
153	-3.688312	-3.288702	0.919338	0.641109
154	-3.692779	-3.308516	0.940171	0.645346
155	-3.691410	-3.303804	0.940705	0.627400
156	-3.684888	-3.293215	0.949519	0.681680
157	-3.688781	-3.306329	0.949786	0.671477
158	-3.690462	-3.313739	0.941774	0.643266
159	-3.688210	-3.284204	0.945246	0.633474
160	-3.692094	-3.306895	0.933226	0.613542
161	-3.698934	-3.302849	0.928419	0.622245
162	-3.691923	-3.284282	0.931891	0.690141
163	-3.687254	-3.304012	0.932425	0.687431
164	-3.692481	-3.287527	0.929487	0.622226
165	-3.692634	-3.280493	0.937767	0.656363
166	-3.695439	-3.298057	0.934028	0.675329
167	-3.694823	-3.290763	0.955662	0.690954
168	-3.692991	-3.300082	0.932959	0.641228
169	-3.697603	-3.293867	0.945246	0.629429
170	-3.698538	-3.272324	0.937233	0.683470
